6238
6946
4376
7657
6951
4807
2447
9330
4772
9984
6691
2501
7412
6845
9829
3803
9785
7953
6098
9243
3401
5508
8813
9424
3525
246
3833
6983
7851
2383
3356
6178
2727
4435
7797
2525
5705
2553
9278
9003
6503
2356
4149
9291
2653
1311
7460
839
489
5366
2297
1294
2701
4298
7186
40
3898
7040
1334
7199
6655
8936
1264
2957
5942
1002
9470
7527
5129
3980
1160
7103
605
6009
3369
785
567
2372
9405
9225
426
5139
413
105
947
3344
9199
9577
2753
9351
4514
8071
4396
8450
3904
7012
7207
5353
2963
6708
6625
6918
4369
4443
7914
5589
6687
5571
8341
9392
3335
5379
7391
6296
489
8096
8624
6719
428
1396
2921
1635
2900
9349
2588
1306
9560
202
3010
2614
1571
3593
1354
3126
2365
2374
9349
4620
8678
145
4869
9033
5229
7851
2139
9669
251
5511
7238
9886
5481
4025
341
8715
6882
7674
3244
9028
2799
8700
6083
5499
5247
2846
5591
5895
485
6944
3420
4215
7617
6176
4130
6079
4425
1145
6934
1858
3676
9443
3741
852
6438
4048
8176
550
6575
1649
6090
4671
3299
1763
9871
9164
799
6517
4804
9983
2636
9226
4824
4768
3119
9956
2238
5672
8423
6462
149
4906
2559
7656
1783
9263
7007
6742
4366
3472
4514
2012
6734
2749
4310
1102
4526
4700
51
5014
3985
1723
1441
1719
851
9445
2076
1469
6264
9495
8028
4503
6013
5585
8294
6161
8100
3524
6717
5295
8740
736
895
8149
6477
3160
7373
5215
1529
8351
2325
9504
5628
3344
3566
1569
6855
674
6091
2574
3547
3127
9658
5036
839
7293
7721
6484
9599
1701
4651
8646
5494
8515
4850
1163
1345
9157
1700
8537
5245
7700
4549
6156
4631
8388
7374
5859
8820
1389
5952
4712
1652
9002
2762
3102
2755
3420
9573
4791
9948
4461
821
1305
1224
70
8285
9459
3086
8841
9245
4722
9381
1903
4380
7487
6925
2689
1037
4322
1149
7199
4836
3943
3211
9684
6281
4543
2705
4001
3157
9048
3209
6167
8051
5185
5300
1772
7423
9976
5569
4513
1933
2331
3519
7728
9186
3388
8235
1878
2285
749
528
8990
9560
2527
838
3573
8775
897
1244
1227
6664
3700
3404
9790
341
3261
7811
2858
2208
8930
9044
1474
2545
7995
6886
6380
3557
973
6353
777
2261
1596
4677
6414
1129
9151
3466
8659
7899
7297
4302
1079
3833
904
8415
7293
8309
6244
8236
6238
4445
4325
4620
3582
3593
3225
2701
5320
2449
2216
2932
8375
5932
2379
3634
8678
3079
6187
5580
3272
952
696
2961
459
6873
7307
2408
145
7473
8184
7951
3097
8655
6969
2578
5609
7637
2506
9706
8198
5099
8789
7800
5158
870
81
3906
694
4315
2235
8154
8071
3989
3366
982
9017
2389
2654
222
8212
8546
8459
9948
9241
4470
8706
333
1740
5381
7666
2504
6471
9262
1218
3465
1945
6568
7747
1684
118
6780
2889
4141
1870
954
2113
4722
1583
